Knight; King; Non Consecutive
*****3***
*********
**1******
*********
*********
*********
*********
*********
*********

[2456789] [2456789] [2456789] [2456789]  [56789]      3      [56789]   [456789]     1     
[23456789][3456789] [3456789] [2456789]  [456789]     1      [456789] [2456789] [3456789] 
[23456789][3456789]     1      [456789] [2456789]  [456789] [2456789] [3456789] [23456789]
[23456789][2456789] [3456789]  [356789] [3456789] [2456789] [3456789]     1      [456789] 
[23456789][3456789] [2456789] [3456789]     1      [456789] [23456789][3456789] [2456789] 
[3456789]     1     [3456789] [23456789][3456789] [2456789] [3456789] [23456789][23456789]
[23456789][3456789] [23456789][3456789] [23456789] [456789]     1     [3456789] [23456789]
[3456789] [23456789] [456789]     1     [3456789] [2456789] [3456789] [23456789][23456789]
    1     [3456789] [23456789][3456789] [23456789][2456789] [23456789][23456789][23456789]

16Steps
2Bifurcations
Unsolved
