Knight; King; Non Consecutive
***1*****
*********
******3**
*********
*********
*********
*********
*********
*********

    3      [56789]   [456789]     1      [456789] [2456789] [2456789] [2456789] [2456789] 
 [156789] [2456789]  [56789]      3      [56789]  [2456789]  [156789] [1456789] [12456789]
[12456789] [156789] [2456789]  [56789]  [2456789]  [56789]      3      [156789] [12456789]
 [56789]      3      [156789] [2456789]  [156789] [1456789]  [156789] [2456789] [12456789]
[2456789]  [156789] [12456789] [56789]      3      [156789] [2456789]  [156789] [12456789]
[12456789][12456789] [156789] [2456789]  [156789] [12456789] [156789]     3      [156789] 
[12456789] [156789]     3      [56789]  [12456789] [156789] [12456789] [156789] [12456789]
[12456789][12456789] [156789] [2456789]  [156789]     3      [56789]  [12456789] [156789] 
[12456789][12456789][12456789][2456789] [12456789] [156789] [12456789] [156789]     3     

16Steps
2Bifurcations
Unsolved
