Taxicab; Non Consecutive
*********
*********
*********
****4****
*********
********5
*********
*********
*********

 [126789] [12356789][1236789] [1236789]  [123789] [1236789] [12356789] [126789]     4     
    4      [12789]  [1236789]  [123789]     5      [12789]  [1236789] [1236789]  [126789] 
 [126789] [12356789] [123789] [1236789]  [12789]      4      [126789] [12356789][1236789] 
[1236789]  [123789]     5      [12789]      4      [126789]  [126789] [1236789] [1236789] 
[1236789]  [126789]  [123789]     5      [12789]   [126789]     4      [126789]  [123789] 
 [126789]     4      [126789]  [123789] [1236789]  [123789]  [126789]  [12789]      5     
[1236789]  [126789]  [126789] [1236789]  [123789]     5      [12789]      4      [12789]  
[1235789]  [126789]     4      [126789] [1236789]  [123789] [12356789] [12789]  [1236789] 
[1235789]  [123789]  [126789]     4      [126789] [1236789]  [123789] [12356789][1236789] 

34Steps
3Bifurcations
Unsolved
