Taxicab; Non Consecutive
*********
**4******
*********
*********
5********
*********
*********
*********
*********

[1236789] [1236789]  [12789]      4      [126789] [12356789][12356789][12356789][12356789]
[1236789]  [12789]      4      [126789] [12356789][1236789]  [126789] [12356789][12356789]
 [123789]     5      [12789]  [1236789] [1236789]  [126789]     4      [126789] [1236789] 
 [123789]  [123789] [1236789] [12356789] [126789]     4      [126789]  [126789]    [35]   
    5      [12789]  [1236789] [1236789] [1236789]  [126789]  [126789]     4      [126789] 
 [12789]      4      [126789] [1236789] [1236789] [12356789]   [35]    [126789]  [126789] 
 [126789]  [126789]  [123789] [1236789] [12356789][1236789] [12356789] [126789]     4     
    4      [126789]  [123789] [12356789] [126789] [12356789][1236789] [12356789] [126789] 
 [126789]  [123789]     5      [12789]      4      [126789] [1236789] [1236789] [1236789] 

22Steps
4Bifurcations
Unsolved
