Taxicab; Non Consecutive
*********
*********
*********
*********
****4****
**5******
*********
*********
*********

[1236789] [12346789][12346789]   [46]    [123789]  [123789]     5      [123789] [12346789]
[1236789]  [123789] [12346789] [123789]     5      [123789]  [123789] [12346789][12346789]
 [123789]     5      [123789]  [123789]  [123789]    [46]   [1236789] [12346789][12346789]
[12346789] [123789]  [123789]     5      [12789]  [1236789] [12346789][1236789]  [123789] 
[1236789] [1236789]  [123789]  [12789]      4      [126789] [1236789]  [123789]     5     
[12346789] [123789]     5      [123789]  [126789] [1236789] [12346789] [123789]  [123789] 
 [123789] [12346789] [123789] [12346789][1236789] [12346789] [123789]     5      [123789] 
    5      [123789] [12346789][1236789] [1236789]  [123789] [1236789]  [123789] [12346789]
 [123789] [12346789][12346789][12346789] [123789]     5      [123789] [12346789][12346789]

14Steps
1Bifurcations
Unsolved
