Taxicab; Non Consecutive
*********
**4******
*********
*********
*********
*********
5********
*********
*********

 [123789]     5      [12789]  [12346789][12346789][1236789] [1236789] [1236789] [1236789] 
[1236789]  [12789]      4      [12789]  [1236789] [1236789] [12356789][1236789] [12356789]
[1236789] [1236789]  [12789]      5      [123789] [1236789] [12346789][12346789][12346789]
 [126789] [1236789] [1236789]  [123789]     5      [123789] [12346789] [123789] [12346789]
    4      [126789]  [123789] [1236789]  [123789] [1236789]  [123789]     5      [123789] 
 [12789]   [123789]     5      [123789] [12346789][12346789][1236789]  [123789] [1236789] 
    5      [123789]  [123789] [1236789] [12346789][12346789][12346789][12346789][12346789]
 [123789]  [126789] [1236789] [12346789][1236789]  [123789]     *     [12346789]    *     
 [126789]     4      [126789] [1236789]  [123789]     5      [123789] [1236789] [1236789] 

19Steps
2Bifurcations
Unsolved
