Taxicab; Non Consecutive
*********
*********
*********
***4*****
*********
*********
*********
*********
*****5***

[12346789][12346789] [123789]     5      [123789] [12346789][12346789][12346789][12346789]
[12346789] [123789]     5      [123789] [12346789][1236789] [12346789][12346789] [123789] 
 [123789] [12346789] [123789]  [126789] [12346789][12346789][1236789]  [123789]     5     
    5      [123789]  [126789]     4      [126789] [1236789] [1236789]  [123789]  [123789] 
 [123789] [12346789][12346789] [126789]  [123789] [1236789]  [123789]     5      [123789] 
[1236789]  [123789] [1236789]  [123789]     5      [123789] [12346789] [123789] [12346789]
 [123789]     5      [123789] [1236789]  [123789] [12346789] [123789] [12346789][12346789]
[12346789] [123789] [12346789][1236789] [12346789] [123789]     5      [123789] [12346789]
[12346789][12346789][12346789][1236789]  [123789]     5      [123789] [12346789][12346789]

19Steps
4Bifurcations
Unsolved
