Taxicab; Non Consecutive
*********
*********
***4*****
*********
*********
*********
*********
*********
*****5***

[12346789] [123789] [12346789][1236789]  [123789]  [123789]     5      [123789] [12346789]
[1236789]  [123789] [12346789] [12789]      5      [123789]  [123789] [12346789][12346789]
 [123789]     5      [12789]      4      [12789]  [1236789] [1236789]  [123789] [1236789] 
 [123789]  [123789]     5      [12789]  [12346789][12346789][1236789] [12346789][12346789]
[12346789] [123789]  [123789]     5      [123789]  [123789] [12346789][12346789] [123789] 
[12346789][12346789] [123789]  [123789] [1236789] [12346789][12346789] [123789]     5     
 [123789] [12346789][12346789] [123789] [12346789][12346789] [123789]     5      [123789] 
    5      [123789] [12346789][1236789] [12346789] [123789] [12346789] [123789] [12346789]
 [123789] [12346789][12346789][1236789]  [123789]     5      [123789] [12346789][12346789]

16Steps
2Bifurcations
Unsolved
