Taxicab; Non Consecutive
*********
*3*******
*********
****4****
*********
5********
*********
*********
*********

    4      [16789]  [1256789]  [126789]  [123789] [1236789] [1236789] [1256789]  [126789] 
 [16789]      3      [16789]   [12789]      5      [12789]   [126789]  [12789]      4     
 [126789]  [156789]  [126789]     4      [12789]   [136789]  [13789]   [156789]  [126789] 
 [16789]   [126789]  [126789]  [126789]     4      [12789]      5      [123789] [1236789] 
    3      [16789]      4      [126789]  [12789]      5      [12789]   [126789]  [126789] 
    5      [12789]   [126789]  [123789] [1236789]  [123789]  [126789]     4      [126789] 
 [12789]      4      [12789]      5      [123789] [1236789]  [126789]  [126789] [1236789] 
 [126789]  [12789]  [12356789] [123789] [1236789]  [126789]     4      [126789] [1235789] 
 [126789]  [156789]  [123789] [1236789]  [126789]     4      [126789]  [123789] [1235789] 

16Steps
1Bifurcations
Unsolved
