Taxicab; Non Consecutive
*********
*4*******
*********
5********
*********
*********
*********
*********
*********

[1236789]  [126789]  [126789]     4      [12789]  [1236789]  [123789]     5      [123789] 
 [126789]     4      [12789]   [12789]      5      [123789] [1236789]  [123789] [1236789] 
 [123789]  [12789]      5      [123789]  [123789]  [126789] [1246789] [1246789]  [126789] 
    5      [123789]  [123789]  [123789]  [126789]     4      [126789] [1236789] [1236789] 
 [12789]  [1236789]  [123789]     5      [123789]  [12789]  [12346789][12346789] [123789] 
[1246789]  [126789] [1246789]  [123789] [1236789]  [123789] [1236789]  [123789]     5     
[1246789]  [126789] [1246789] [1236789]  [123789]     5      [123789] [1236789]  [123789] 
 [126789]  [123789] [1236789] [1236789]  [124789]  [123789]     5      [12789]  [1246789] 
 [12789]      5      [123789]  [126789]  [14789]   [123789]  [123789] [1236789] [1246789] 

7Steps
0Bifurcations
Unsolved
